<?xml version="1.0" standalone="no"?>
<svg xmlns="http://www.w3.org/2000/svg">
  <metadata>Handmade for Slush</metadata>
  <defs>
    <font horiz-adv-x="1024" id="slushicons" inkscape:label="font 1">
    <font-face units-per-em="1024" font-family="Slush Icons" />
      <glyph
         glyph-name="manufacturing"
         unicode="&#xe001;"
         d="m 345.15625,1022.5 c -102.70078,0 -154.03635,0.01 -209.3125,-17.4688 C 75.486692,983.0623 27.937696,935.51331 5.96875,875.15625 -11.507516,819.8801 -11.5,768.536 -11.5,665.84375 l 0,-309.6875 C -11.5,253.45547 -11.5075,202.12843 5.96875,146.84375 27.937696,86.48669 75.486692,38.92913 135.84375,16.9688 191.1199,-0.5161 242.45547,-0.5 345.15625,-0.5 l 309.6875,0 c 102.70078,0 154.02782,-0.016 209.3125,17.4688 60.35706,21.96033 107.90602,69.51789 129.875,129.87495 17.47625,55.28468 17.46875,106.61172 17.46875,209.3125 l 0,309.6875 c 0,102.69225 0.01,154.03635 -17.46875,209.3125 -21.96898,60.35706 -69.51794,107.90605 -129.875,129.87495 -55.28468,17.4763 -106.61172,17.4688 -209.3125,17.4688 l -309.6875,0 z m -195.0625,-230.65625 124.03125,0 0,-263.625 106.875,-0.875 0,116.71875 247.9375,-115.84375 0,115.84375 220.96875,-120.84375 0,-293.09375 -699.8125,0 0,561.71875 z" />
      <glyph
         glyph-name="iot"
         unicode="&#xe002;"
         d="m 345.15625,1023.5 c -102.70078,0 -154.03635,0.01 -209.3125,-17.4688 C 75.48666,984.06229 27.937712,936.51334 5.96875,876.15625 -11.507532,820.8801 -11.5,769.536 -11.5,666.84375 l 0,-309.6875 c 0,-102.70078 -0.0075,-154.02782 17.46875,-209.3125 C 27.937712,87.48669 75.48666,39.92833 135.84375,17.9688 191.1199,0.4823 242.45547,0.5 345.15625,0.5 l 309.6875,0 c 102.70078,0 154.02782,-0.0177 209.3125,17.4688 60.35706,21.95953 107.90602,69.51789 129.875,129.87495 17.47625,55.28468 17.46875,106.61172 17.46875,209.3125 l 0,309.6875 c 0,102.69225 0.01,154.03635 -17.46875,209.3125 -21.96898,60.35709 -69.51794,107.90604 -129.875,129.87495 -55.28468,17.4763 -106.61172,17.4688 -209.3125,17.4688 l -309.6875,0 z m 73.9375,-132.1875 49.9375,0 0,-132.71875 -49.9375,0 0,132.71875 z m 112.875,0 49.9375,0 0,-132.71875 -49.9375,0 0,132.71875 z m 111.90625,0 49.9375,0 0,-132.71875 -49.9375,0 0,132.71875 z m -336.6875,-2 49.9375,0 0,-132.71875 -49.9375,0 0,132.71875 z m 18.96875,-158.53125 347.6875,0 c 24.47367,0 44.9375,-20.46383 44.9375,-44.9375 l 0,-347.6875 c 0,-24.47367 -20.46383,-44.9375 -44.9375,-44.9375 l -347.6875,0 c -24.47367,0 -44.9375,20.46383 -44.9375,44.9375 l 0,347.6875 c 0,24.47367 20.46383,44.9375 44.9375,44.9375 z M 120.1875,705.3125 l 132.71875,0 0,-49.9375 -132.71875,0 0,49.9375 z m 624.375,0 132.71875,0 0,-49.9375 -132.71875,0 0,49.9375 z m -413.40625,-24.46875 0,-337.6875 337.6875,0 0,337.6875 -337.6875,0 z m -210.96875,-87.4375 132.71875,0 0,-49.9375 -132.71875,0 0,49.9375 z m 624.375,0 132.71875,0 0,-49.9375 -132.71875,0 0,49.9375 z m -624.375,-112.875 132.71875,0 0,-49.9375 -132.71875,0 0,49.9375 z m 624.375,0 132.71875,0 0,-49.9375 -132.71875,0 0,49.9375 z M 122.1875,368.625 l 132.71875,0 0,-49.9375 -132.71875,0 0,49.9375 z m 624.375,0 132.71875,0 0,-49.9375 -132.71875,0 0,49.9375 z m -327.46875,-100.6875 49.9375,0 0,-132.71875 -49.9375,0 0,132.71875 z m 112.875,0 49.9375,0 0,-132.71875 -49.9375,0 0,132.71875 z m 111.90625,0 49.9375,0 0,-132.71875 -49.9375,0 0,132.71875 z m -336.6875,-2 49.9375,0 0,-132.71875 -49.9375,0 0,132.71875 z" />
      <glyph
         glyph-name="health"
         unicode="&#xe003;"
         d="m 352.03125,1021.5 c -100.55472,0 -150.81641,0.01 -204.9375,-17.4688 C 87.997927,982.06208 41.447378,934.51392 19.9375,874.15625 2.8264217,818.87954 2.8125,767.53704 2.8125,664.84375 l 0,-221.125 -0.15625,-13.625 0.15625,0 0,-74.9375 c 0,-102.70181 0.013922,-154.02726 17.125,-209.3125 C 41.447378,85.48608 87.997927,37.92926 147.09375,15.9688 201.21484,-1.5165 251.47653,-1.5 352.03125,-1.5 l 303.21875,0 c 100.55472,0 150.80806,-0.0161 204.9375,17.4688 59.09582,21.96046 105.64634,69.51728 127.15625,129.87495 17.11105,55.28524 17.09375,106.61069 17.09375,209.3125 l 0,309.6875 c 0,102.69329 0.017,154.03579 -17.09375,209.3125 C 965.83384,934.51392 919.28332,982.06208 860.1875,1004.0312 806.05806,1021.5077 755.80472,1021.5 655.25,1021.5 l -303.21875,0 z M 343.75,874.875 c 15.78808,-0.0112 32.51549,-1.82053 49.71875,-6.3125 81.74862,-21.34549 106.4737,-102.21167 110.90625,-119.625 4.43741,17.43116 29.16748,98.28209 110.90625,119.625 17.20326,4.49197 33.89942,6.30134 49.6875,6.3125 68.41502,0.0484 119.625,-34.09375 119.625,-34.09375 24.42276,-11.77268 52.70312,-42.73944 63.84375,-67.84375 0,0 77.54225,-135.3981 -3.84375,-250.84375 -12.51177,-17.74788 -29.21075,-38.90067 -48.5,-62 l -194.59375,0 -31.84375,178.46875 -28.875,-0.0937 L 507.625,446.53125 480.6875,533.9375 471.5,563.65625 454.53125,537.8125 400.21875,455.34375 214.75,457.5625 c -20.17278,24.07086 -37.66469,46.14712 -50.625,64.53125 -81.386001,115.44564 -3.84375,250.84375 -3.84375,250.84375 11.14063,25.10431 39.45224,56.07107 63.875,67.84375 0,0 51.17873,34.14213 119.59375,34.09375 z M 555.46875,551 l 19.375,-108.59375 2.21875,-12.3125 12.21875,0 181.25,0 C 665.34798,308.63537 512.51872,154.50833 505.21875,147.15625 l 0,-1.71875 c 0,0 -0.79957,0.79929 -0.84375,0.84375 -0.0443,-0.0446 -0.84375,-0.84375 -0.84375,-0.84375 l 0,1.6875 C 496.36017,154.3466 345.75086,306.22734 240.625,427.28125 l 167.1875,-1.96875 7.90625,-0.0937 4.4375,6.6875 41.6875,63.3125 35.8125,-116.1875 28.4375,1.90625 29.375,170.0625 z" />
      <glyph
         glyph-name="gaming"
         unicode="&#xe004;"
         d="m 345.15625,1023.5 c -102.70078,0 -154.03635,0.01 -209.3125,-17.4688 C 75.48669,984.0623 27.937697,936.51331 5.96875,876.15625 -11.507517,820.8801 -11.5,769.536 -11.5,666.84375 l 0,-309.6875 c 0,-102.70078 -0.0075,-154.02782 17.46875,-209.3125 C 27.937697,87.48669 75.48669,39.92908 135.84375,17.9688 191.1199,0.4838 242.45547,0.5 345.15625,0.5 l 309.6875,0 c 102.70078,0 154.02782,-0.0162 209.3125,17.4688 60.35706,21.96028 107.90602,69.51789 129.875,129.87495 17.47625,55.28468 17.46875,106.61172 17.46875,209.3125 l 0,309.6875 c 0,102.69225 0.01,154.03635 -17.46875,209.3125 -21.96898,60.35706 -69.51794,107.90605 -129.875,129.87495 -55.28468,17.4763 -106.61172,17.4688 -209.3125,17.4688 l -309.6875,0 z M 500.5,835.6875 c 59.31269,0 107.40625,-48.09356 107.40625,-107.40625 0,-38.05305 -19.80245,-71.49201 -49.65625,-90.5625 l 0,-27.8125 c 0,0 47.88311,1.07028 56.1875,-34.96875 8.30439,-36.03903 -39.5,-48.71875 -39.5,-48.71875 0,0 14.24961,-35.94375 22.84375,-48.75 14.17133,-21.11692 33.56711,-38.57829 52.28125,-54.75 18.71414,-16.17171 23.59375,-42.84375 23.59375,-42.84375 0,0 35.39198,1.49735 58.78125,-5.21875 23.38927,-6.71609 28.4375,-35.125 28.4375,-35.125 0,0 -4.43924,-21.0764 -18.21875,-33.3125 -13.77951,-12.2361 -49.6875,-8.15625 -49.6875,-8.15625 0,0 28.84015,-31.66289 39.46875,-45.6875 8.37346,-11.04891 19.625,-28.03125 19.625,-28.03125 15.53694,-22.78443 5.71213,-41.3125 -21.875,-41.3125 l -456.75,0 c -27.59148,0 -38.51854,19.21039 -24.40625,42.90625 0,0 2.14324,4.81018 16.8125,26.4375 14.66927,21.62731 45.59375,45.53125 45.59375,45.53125 0,0 -25.63863,-5.2068 -45.59375,5.03125 C 245.88863,313.17555 242.5,339.53125 242.5,339.53125 c 0,0 -0.95478,20.44112 23.34375,32.15625 24.29854,11.71512 62.46875,8.1875 62.46875,8.1875 0,0 -0.81125,17.25049 18.46875,37.75 19.28,20.49951 43.39473,39.51873 53.875,55.625 11.77099,18.08988 25.8125,56.03125 25.8125,56.03125 0,0 -45.12808,8.51088 -40.28125,45.65625 4.84683,37.14537 55.28125,34.96875 55.28125,34.96875 l 0,28.65625 c -29.14184,19.20033 -48.375,52.20951 -48.375,89.71875 0,59.31269 48.09356,107.40625 107.40625,107.40625 z" />
      <glyph
         glyph-name="nutrition"
         unicode="&#xe005;"
         d="m 345.15625,1023.5 c -102.70078,0 -154.03635,0.01 -209.3125,-17.4688 C 75.486684,984.0623 27.9377,936.51332 5.96875,876.15625 -11.50752,820.8801 -11.5,769.536 -11.5,666.84375 l 0,-309.6875 c 0,-102.70078 -0.0075,-154.02782 17.46875,-209.3125 C 27.9377,87.48669 75.486684,39.92893 135.84375,17.9688 191.1199,0.4835 242.45547,0.5 345.15625,0.5 l 309.6875,0 c 102.70078,0 154.02782,-0.0165 209.3125,17.4688 60.35706,21.96013 107.90602,69.51789 129.875,129.87495 17.47625,55.28468 17.46875,106.61172 17.46875,209.3125 l 0,309.6875 c 0,102.69225 0.01,154.03635 -17.46875,209.3125 -21.96898,60.35707 -69.51794,107.90605 -129.875,129.87495 -55.28468,17.4763 -106.61172,17.4688 -209.3125,17.4688 l -309.6875,0 z m 451.9375,-219.53125 c 0,0 -24.97448,-129.71687 -113.125,-216.75 -88.15053,-87.03312 -153.6875,-50.0625 -153.6875,-50.0625 0,0 -44.56052,55.9724 50.9375,152.8125 95.49803,96.84011 215.875,114 215.875,114 z m -329.1875,-68.5625 25.65625,-153.625 c 2.72692,-16.32814 -3.04024,-40.33692 -12.875,-53.65625 L 391.65625,407.53125 362.34375,595.625 c -2.54938,16.36531 4.89,39.10875 16.59375,50.8125 l 88.96875,88.96875 z M 327.96875,595.46875 353.625,441.875 c 2.72692,-16.32814 -3.04025,-40.36818 -12.875,-53.6875 L 251.71875,267.625 222.40625,455.6875 C 219.85688,472.05282 227.29624,494.79624 239,506.5 l 88.96875,88.96875 z m 237.9375,-95.25 c 3.48145,0.0566 6.81347,-0.14495 9.875,-0.65625 L 729.40625,473.90625 640.4375,384.9375 C 628.73375,373.23375 605.99031,365.79437 589.625,368.34375 L 401.53125,397.65625 522.125,486.6875 c 10.82195,7.99074 28.69497,13.2862 43.78125,13.53125 z m -139.9375,-139.9375 c 3.48145,0.0566 6.81347,-0.14495 9.875,-0.65625 L 589.46875,333.96875 500.5,245 C 488.79624,233.29624 466.05282,225.88813 449.6875,228.4375 L 261.59375,257.71875 382.1875,346.75 c 10.82195,7.99073 28.69497,13.2862 43.78125,13.53125 z" />
      <glyph
         glyph-name="payment"
         unicode="&#xe006;"
         d="m 345.15625,1023.5 c -102.70078,0 -154.03635,0.01 -209.3125,-17.4688 C 75.48669,984.0623 27.937697,936.51331 5.96875,876.15625 -11.507517,820.8801 -11.5,769.536 -11.5,666.84375 l 0,-309.6875 c 0,-102.70078 -0.0075,-154.02782 17.46875,-209.3125 C 27.937697,87.48669 75.48669,39.92908 135.84375,17.9688 191.1199,0.4838 242.45547,0.5 345.15625,0.5 l 309.6875,0 c 102.70078,0 154.02782,-0.0162 209.3125,17.4688 60.35706,21.96028 107.90602,69.51789 129.875,129.87495 17.47625,55.28468 17.46875,106.61172 17.46875,209.3125 l 0,309.6875 c 0,102.69225 0.01,154.03635 -17.46875,209.3125 -21.96898,60.35706 -69.51794,107.90605 -129.875,129.87495 -55.28468,17.4763 -106.61172,17.4688 -209.3125,17.4688 l -309.6875,0 z m -181.8125,-215.78125 673.3125,0 0,-592.4375 -673.3125,0 0,592.4375 z m 243.9375,-86.5625 0,-14.96875 0,-53.125 -9.5,0 -14.96875,0 0,-13.1875 -187.96875,0 0,-29.96875 187.96875,0 0,-97.90625 -187.96875,0 0,-29.96875 187.96875,0 0,-94.90625 -187.96875,0 0,-29.96875 202.9375,0 0,14.25 8.625,0 0,-54.5 0,-14.96875 14.96875,0 152.84375,0 14.96875,0 0,14.96875 0,48.1875 11.21875,0 8.34375,0 0,-12.9375 202.9375,0 0,29.96875 -196.3125,0 0,101.90625 197.25,0 0,29.96875 -197.25,0 0,92.90625 197.25,0 0,29.96875 -197.25,0 0,13.78125 -14.96875,0 -9.4375,0 0,22.15625 -29.96875,0 0,-37.15625 0,-14.96875 15,0 9.40625,0 0,-225.625 -11.1875,0 -15,0 0,-15 0,-48.15625 -122.84375,0 0,54.5 0,14.96875 -15,0 -8.59375,0 0,221.71875 9.46875,0 15,0 0,14.96875 0,53.125 143.28125,0 0,29.96875 -158.28125,0 -14.96875,0 z" />
      <glyph
         glyph-name="stats"
         unicode="&#xe007;"
         d="m 345.15625,1023.5 c -102.70078,0 -154.03635,0.01 -209.3125,-17.4688 C 75.486688,984.0623 27.937698,936.51331 5.96875,876.15625 -11.507518,820.8801 -11.5,769.536 -11.5,666.84375 l 0,-309.6875 C -11.5,254.45547 -11.5075,203.12843 5.96875,147.84375 27.937698,87.48669 75.486688,39.92903 135.84375,17.9688 191.1199,0.4837 242.45547,0.5 345.15625,0.5 l 309.6875,0 c 102.70078,0 154.02782,-0.016 209.3125,17.4688 60.35706,21.96023 107.90602,69.51789 129.875,129.87495 17.47625,55.28468 17.46875,106.61172 17.46875,209.3125 l 0,309.6875 c 0,102.69225 0.01,154.03635 -17.46875,209.3125 -21.96898,60.35706 -69.51794,107.90605 -129.875,129.87495 -55.28468,17.4763 -106.61172,17.4688 -209.3125,17.4688 z M 557.25,911.0625 c 37.41809,0.30221 75.50044,-5.35705 112.96875,-17.53125 C 767.09849,862.05312 841.50601,792.74477 882,707.34375 l 11.5,-24.21875 -25,-9.75 -303.90625,-118.3125 -33.46875,-13.03125 -0.5625,35.90625 -5.03125,307.59375 -0.4375,24.65625 24.65625,0.71875 c 2.48799,0.0729 5.00546,0.1361 7.5,0.15625 z M 575.875,860.65625 579.9375,614.625 824.25,709.71875 c -36.56446,62.41797 -95.10081,112.15905 -169.4375,136.3125 -26.22323,8.52044 -52.71755,13.26328 -78.9375,14.625 z m -89.625,-32.1875 0,-330.65625 210.125,-259.53125 c -56.60331,-45.15748 -128.33622,-72.125 -206.375,-72.125 -182.90378,0 -331.15625,148.25247 -331.15625,331.15625 0,181.65343 146.22833,329.14818 327.40625,331.15625 z m 325.65625,-216.625 c 12.46292,-34.85087 19.25,-72.39635 19.25,-111.53125 0,-94.86462 -39.86409,-180.40418 -103.78125,-240.78125 L 520.90625,512 z" />
      <glyph
         glyph-name="energy"
         unicode="&#xe008;"
         d="m 345.15625,1023.5 c -102.70078,0 -154.03635,0.01 -209.3125,-17.4688 C 75.486692,984.0623 27.937696,936.51331 5.96875,876.15625 -11.507516,820.8801 -11.5,769.536 -11.5,666.84375 l 0,-309.6875 c 0,-102.70078 -0.0075,-154.02782 17.46875,-209.3125 C 27.937696,87.48669 75.486692,39.92913 135.84375,17.9688 191.1199,0.4839 242.45547,0.5 345.15625,0.5 l 309.6875,0 c 102.70078,0 154.02782,-0.0161 209.3125,17.4688 60.35706,21.96033 107.90602,69.51789 129.875,129.87495 17.47625,55.28468 17.46875,106.61172 17.46875,209.3125 l 0,309.6875 c 0,102.69225 0.01,154.03635 -17.46875,209.3125 -21.96898,60.35706 -69.51794,107.90605 -129.875,129.87495 -55.28468,17.4763 -106.61172,17.4688 -209.3125,17.4688 l -309.6875,0 z m 293.03125,-109.90625 -115.5,-337.375 222.625,3.3125 L 359.1875,109.625 478.59375,446.375 254.25,447.625 638.1875,913.59375 z" />
      <glyph
         glyph-name="edutech"
         unicode="&#xe009;"
         d="m 345.15625,1023.5 c -102.70078,0 -154.03635,0.01 -209.3125,-17.4688 C 75.48669,984.0623 27.937697,936.51331 5.96875,876.15625 -11.507517,820.8801 -11.5,769.536 -11.5,666.84375 l 0,-309.6875 c 0,-102.70078 -0.0075,-154.02782 17.46875,-209.3125 C 27.937697,87.48669 75.48669,39.92908 135.84375,17.9688 191.1199,0.4838 242.45547,0.5 345.15625,0.5 l 309.6875,0 c 102.70078,0 154.02782,-0.0162 209.3125,17.4688 60.35706,21.96028 107.90602,69.51789 129.875,129.87495 17.47625,55.28468 17.46875,106.61172 17.46875,209.3125 l 0,309.6875 c 0,102.69225 0.01,154.03635 -17.46875,209.3125 -21.96898,60.35706 -69.51794,107.90605 -129.875,129.87495 -55.28468,17.4763 -106.61172,17.4688 -209.3125,17.4688 l -309.6875,0 z m 281.125,-224 c 94.26924,0 185.0625,-38.1875 185.0625,-38.1875 a 24.978107,24.978107 0 0 0 15.5,-23.09375 l 0,-441.40625 a 24.978107,24.978107 0 0 0 -39.875,-20.0625 c 0,0 -65.89127,48.86928 -156.28125,32.71875 C 584.61877,301.23737 557.40601,283.62994 541.25,268.75 525.09399,253.87006 521.15625,243.78125 521.15625,243.78125 A 24.978107,24.978107 0 0 0 473.25,253.6875 l 0,18.4375 c -16.72447,19.84508 -50.92121,48.52282 -114.28125,59.84375 -101.16682,18.0761 -175.59375,-37.25 -175.59375,-37.25 l 0,441.40625 c 0,0 88.24155,36.28125 175.59375,36.28125 61.38412,0 99.69416,-31.54944 117.0625,-50.3125 a 24.978107,24.978107 0 0 0 1.125,1.90625 c 0,0 49.59147,75.5 149.125,75.5 z m 0,-49.9375 c -60.93603,0 -92.98989,-34.03445 -103.09375,-47.0625 l 0,-384.21875 c 22.73064,16.64482 54.82703,32.56943 98.6875,40.40625 65.02397,11.61823 120.12049,-4.40109 155,-19.84375 l 0,381.90625 c -28.21118,9.75615 -90.77518,28.8125 -150.59375,28.8125 z" />
      <glyph
         glyph-name="ecommerce"
         unicode="&#xe010;"
         d="m 345.15625,1023.5 c -102.70078,0 -154.03635,0.01 -209.3125,-17.4688 C 75.486686,984.0623 27.937699,936.51331 5.96875,876.15625 -11.507519,820.8801 -11.5,769.536 -11.5,666.84375 l 0,-309.6875 c 0,-102.70078 -0.0075,-154.02782 17.46875,-209.3125 C 27.937699,87.48669 75.486686,39.92898 135.84375,17.9688 191.1199,0.4836 242.45547,0.5 345.15625,0.5 l 309.6875,0 c 102.70078,0 154.02782,-0.0164 209.3125,17.4688 60.35706,21.96018 107.90602,69.51789 129.875,129.87495 17.47625,55.28468 17.46875,106.61172 17.46875,209.3125 l 0,309.6875 c 0,102.69225 0.01,154.03635 -17.46875,209.3125 -21.96898,60.35706 -69.51794,107.90605 -129.875,129.87495 -55.28468,17.4763 -106.61172,17.4688 -209.3125,17.4688 l -309.6875,0 z m 437.1875,-170.53125 126.46875,0 a 29.973732,29.973732 0 1 0 0,-59.9375 l -103.875,0 -25.53125,-89.09375 A 29.973732,29.973732 0 0 0 774.3125,686.15625 L 691.6875,397.6875 a 29.973731,29.973731 0 0 0 1.71875,-10.3125 l 0,-99.28125 A 29.973731,29.973731 0 0 0 663.4375,258.125 l -25.3125,0 c 15.47665,-10.06587 25.71875,-27.50566 25.71875,-47.34375 0,-31.17365 -25.26385,-56.4375 -56.4375,-56.4375 -31.17365,0 -56.46875,25.26385 -56.46875,56.4375 0,19.83208 10.24996,37.27646 25.71875,47.34375 l -258.21875,0 c 15.47665,-10.06587 25.71875,-27.50566 25.71875,-47.34375 0,-31.17365 -25.26385,-56.4375 -56.4375,-56.4375 -31.17365,0 -56.46875,25.26385 -56.46875,56.4375 0,19.83208 10.24996,37.27646 25.71875,47.34375 l -58.75,0 a 29.973731,29.973731 0 1 0 0,59.9375 l 435.25,0 0,40.40625 -437.03125,0 a 29.973732,29.973732 0 0 0 -29.40625,24.25 l -60.9375,314.4375 A 29.973732,29.973732 0 0 0 135.5,732.84375 l 589.84375,0 28.1875,98.40625 a 29.973732,29.973732 0 0 0 28.8125,21.71875 z M 171.875,672.90625 l 49.3125,-254.5 414.0625,0 72.90625,254.5 -536.28125,0 z" />
      <glyph
         glyph-name="security"
         unicode="&#xe011;"
         d="m 345.15625,1023.5 c -102.70078,0 -154.03635,0.01 -209.3125,-17.4688 C 75.486686,984.0623 27.937699,936.51331 5.96875,876.15625 -11.507519,820.8801 -11.5,769.536 -11.5,666.84375 l 0,-309.6875 c 0,-102.70078 -0.0075,-154.02782 17.46875,-209.3125 C 27.937699,87.48669 75.486686,39.92898 135.84375,17.9688 191.1199,0.4836 242.45547,0.5 345.15625,0.5 l 309.6875,0 c 102.70078,0 154.02782,-0.0164 209.3125,17.4688 60.35706,21.96018 107.90602,69.51789 129.875,129.87495 17.47625,55.28468 17.46875,106.61172 17.46875,209.3125 l 0,309.6875 c 0,102.69225 0.01,154.03635 -17.46875,209.3125 -21.96898,60.35706 -69.51794,107.90605 -129.875,129.87495 -55.28468,17.4763 -106.61172,17.4688 -209.3125,17.4688 l -309.6875,0 z M 381.8125,782.90625 c 1.08882,0.003 2.15516,-0.0359 3.1875,-0.0937 l 173.8125,-9.71875 -232.21875,-66.375 -14.84375,-25.28125 313,80.9375 c 16.02326,4.14219 42.20049,5.01958 58.46875,1.9375 L 684.8125,764 c 16.2655,-3.08155 32.85024,-18.5525 37.0625,-34.5625 L 759.9375,584.875 C 867.16132,572.94293 948.06325,549.41272 961.5625,520 993.7264,449.92001 780.0467,362.61913 538.125,288.65625 296.20329,214.69337 92.68357,223.87997 56.65625,284.96875 23.089536,341.88527 29.661578,461.01497 226.375,536.84375 l 21.5,144.625 c 2.43296,16.37127 15.30043,37.44065 28.78125,47.0625 l 54.03125,38.5625 c 12.63294,9.01669 34.79265,15.76621 51.125,15.8125 z M 763.90625,574.3125 c 0,0 -23.46381,-32.50629 -262.40625,-50.9375 -238.94244,-18.43122 -273.65625,13.15625 -273.65625,13.15625 l -7.65625,-109.75 c 0,0 100.84421,-31.12402 281.3125,-22.125 180.46829,8.99903 281.28125,76.03125 281.28125,76.03125 l -18.875,93.625 z m -532.5625,-29.71875 -4.4375,-7.5625 c 1.06089,0.40783 2.14725,0.81328 3.21875,1.21875 l 1.21875,6.34375 z" />
      <glyph
         glyph-name="consumer el"
         unicode="&#xe012;"
         d="m 345.15625,1023.5 c -102.70078,0 -154.03635,0.01 -209.3125,-17.4688 C 75.486682,984.0623 27.937701,936.51332 5.96875,876.15625 -11.507521,820.8801 -11.5,769.536 -11.5,666.84375 l 0,-309.6875 c 0,-102.70078 -0.0075,-154.02782 17.46875,-209.3125 C 27.937701,87.48669 75.486682,39.92888 135.84375,17.9688 191.1199,0.4834 242.45547,0.5 345.15625,0.5 l 309.6875,0 c 102.70078,0 154.02782,-0.0166 209.3125,17.4688 60.35706,21.96008 107.90602,69.51789 129.875,129.87495 17.47625,55.28468 17.46875,106.61172 17.46875,209.3125 l 0,309.6875 c 0,102.69225 0.01,154.03635 -17.46875,209.3125 -21.96898,60.35707 -69.51794,107.90605 -129.875,129.87495 -55.28468,17.4763 -106.61172,17.4688 -209.3125,17.4688 l -309.6875,0 z M 535.5,869.25 681.03125,723.71875 299.5625,342.25 l -21.90625,21.90625 -42.375,-42.375 -10.59375,-10.59375 -10.59375,10.59375 -80.53125,80.53125 -10.59375,10.59375 10.59375,10.59375 42.375,42.375 -21.875,21.90625 L 535.5,869.25 z M 775.5625,731.4375 786.15625,720.84375 866.6875,640.3125 877.28125,629.71875 866.6875,619.125 l -31.78125,-31.8125 21.875,-21.875 a 14.986866,14.986866 0 0 0 0,-21.1875 L 475.34375,162.78125 a 14.986866,14.986866 0 0 0 -21.21875,0 l -145.5,145.5 a 14.986866,14.986866 0 0 0 0,21.21875 l 381.46875,381.4375 a 14.986866,14.986866 0 0 0 10.375,4.40625 14.986866,14.986866 0 0 0 10.8125,-4.40625 l 21.90625,-21.875 31.78125,31.78125 10.59375,10.59375 z m 0,-42.375 L 754.375,667.875 813.6875,608.5 834.90625,629.71875 775.5625,689.0625 z M 700.6875,679.15625 340.40625,318.875 464.75,194.5625 825,554.84375 813.71875,566.125 808.0625,560.46875 797.46875,549.875 786.875,560.46875 706.34375,641 l -10.625,10.625 10.625,10.59375 L 712,667.875 700.6875,679.15625 z m 28.8125,-80.4375 18.5625,-18.5625 -23.46875,-23.46875 23.0625,-23.0625 -19.34375,-19.3125 -22.5,22.5 -22.40625,-22.40625 -19.09375,19.125 22.09375,22.25 -23.03125,23.03125 19.09375,19.125 23.125,-23.125 L 729.5,598.71875 z M 324.90625,533.75 301,509.84375 l -23.125,23.125 -19.125,-19.125 23.0625,-23.03125 -22.125,-22.28125 19.125,-19.09375 22.375,22.40625 22.53125,-22.5 19.3125,19.3125 L 320,491.71875 343.46875,515.1875 324.90625,533.75 z M 197.125,444.6875 165.34375,412.90625 224.6875,353.5625 256.46875,385.34375 197.125,444.6875 z" />
      <glyph
         glyph-name="media"
         unicode="&#xe013;"
         d="m 345.15625,1023.5 c -102.70078,0 -154.03635,0.01 -209.3125,-17.4688 C 75.486686,984.0623 27.937699,936.51331 5.96875,876.15625 -11.507519,820.8801 -11.5,769.536 -11.5,666.84375 l 0,-309.6875 c 0,-102.70078 -0.0075,-154.02782 17.46875,-209.3125 C 27.937699,87.48669 75.486686,39.92898 135.84375,17.9688 191.1199,0.4836 242.45547,0.5 345.15625,0.5 l 309.6875,0 c 102.70078,0 154.02782,-0.0164 209.3125,17.4688 60.35706,21.96018 107.90602,69.51789 129.875,129.87495 17.47625,55.28468 17.46875,106.61172 17.46875,209.3125 l 0,309.6875 c 0,102.69225 0.01,154.03635 -17.46875,209.3125 -21.96898,60.35706 -69.51794,107.90605 -129.875,129.87495 -55.28468,17.4763 -106.61172,17.4688 -209.3125,17.4688 l -309.6875,0 z m 466,-166.1875 a 29.973731,29.973731 0 0 0 30.875,-29.9375 l 0,-199.5625 c 0.69988,0.0516 1.41611,0.0625 2.125,0.0625 22.34571,0 40.46875,-25.93623 40.46875,-57.9375 0,-32.00127 -18.12304,-57.9375 -40.46875,-57.9375 -0.70889,0 -1.42512,0.0109 -2.125,0.0625 l 0,-203.4375 a 29.973731,29.973731 0 0 0 -45.8125,-25.4375 c 0,0 -49.6895,30.93858 -113.8125,66.09375 -64.123,35.15517 -143.42449,74.36787 -196.6875,89.8125 -19.10391,5.53954 -46.93665,9.46977 -77.96875,12.125 -6.40572,-21.11193 -13.90626,-56.45025 -13.90625,-106.25 C 393.84376,258.0802 449.125,229.5 449.125,229.5 c 0,0 -17.8817,-40.59375 -79.625,-40.59375 -61.7433,0 -97.59375,26.59375 -97.59375,26.59375 0,0 -27.34255,68.3238 -31.6875,106.78125 -4.48057,39.65777 -1.33495,112.27259 -0.3125,132.78125 -36.75411,-0.85765 -62.0625,-2.28125 -62.0625,-2.28125 A 29.973731,29.973731 0 0 0 170.625,453.25 c 0,0 -8.30951,2.00792 -14.8125,5.84375 -6.50299,3.83583 -13.93785,10.0808 -20.40625,19.125 -12.93682,18.0884 -21.9375,46.04872 -21.9375,89.78125 0,43.73252 8.8892,71.19446 22.65625,88.90625 6.88352,8.85589 14.95285,14.80138 21.96875,18.15625 7.0159,3.35487 15.8125,4.46875 15.8125,4.46875 a 29.973731,29.973731 0 0 0 3.75,0.0625 c 0,0 53.77157,-2.77079 119.8125,-2.03125 66.04093,0.73954 145.2307,5.77501 188.34375,18.15625 50.82281,14.59535 130.30688,54.12895 194.96875,89.78125 64.66187,35.6523 115.4375,67.28125 115.4375,67.28125 a 29.973731,29.973731 0 0 0 14.9375,4.53125 z m -29.0625,-82.90625 C 762.03849,762.57081 737.74803,748.46838 709.75,733.03125 647.99024,698.97907 574.67876,661.29247 515,642 l 0,-149.1875 c 61.16347,-19.76985 134.80238,-57.29748 196.21875,-90.96875 27.46936,-15.05996 51.20269,-28.74976 70.875,-40.3125 l 0,412.875 z m -327.0625,-146.375 C 405.90908,620.3301 348.79238,618.19204 298.15625,617.625 237.98169,616.95115 193.88411,618.89482 183,619.40625 180.17143,615.42543 173.40625,602.02969 173.40625,568 c 0,-35.49336 7.35199,-50.15511 10.75,-54.90625 0.0232,-0.0332 0.008,0.001 0.0312,-0.0312 12.32977,0.64561 55.79669,2.78581 115.28125,2.5625 50.67049,-0.19022 107.31463,-1.8064 155.5625,-9.03125 l 0,121.4375 z" />
      <glyph
         glyph-name="music"
         unicode="&#xe014;"
         d="m 345.15625,1023.5 c -102.70078,0 -154.03635,0.01 -209.3125,-17.4688 C 75.486688,984.0623 27.937698,936.51331 5.96875,876.15625 -11.507518,820.8801 -11.5,769.536 -11.5,666.84375 l 0,-309.6875 c 0,-102.70078 -0.0075,-154.02782 17.46875,-209.3125 C 27.937698,87.48669 75.486688,39.92903 135.84375,17.9688 191.1199,0.4837 242.45547,0.5 345.15625,0.5 l 309.6875,0 c 102.70078,0 154.02782,-0.0163 209.3125,17.4688 60.35706,21.96023 107.90602,69.51789 129.875,129.87495 17.47625,55.28468 17.46875,106.61172 17.46875,209.3125 l 0,309.6875 c 0,102.69225 0.01,154.03635 -17.46875,209.3125 -21.96898,60.35706 -69.51794,107.90605 -129.875,129.87495 -55.28468,17.4763 -106.61172,17.4688 -209.3125,17.4688 l -309.6875,0 z m 390.40625,-157.59375 0,-577.28125 -0.25,0.375 c -3.20724,-35.61121 -49.69394,-63.875 -106.59375,-63.875 -58.97829,0 -106.78125,30.37189 -106.78125,67.8125 0,37.4406 47.80296,67.78125 106.78125,67.78125 28.10968,0 53.68097,-6.8856 72.75,-18.15625 l -2.53125,4 -2.96875,346.4375 -336.125,-60.0625 0,-379.0625 c 6.4456,-8.72706 10.0625,-18.47396 10.0625,-28.75 0,-37.4406 -47.80295,-67.78125 -106.78125,-67.78125 -58.97829,0 -106.78125,30.34065 -106.78125,67.78125 0,37.4406 47.80296,67.8125 106.78125,67.8125 23.15058,0 44.56931,-4.71017 62.0625,-12.65625 l 0,510.3125 410.375,75.3125 z" />
      <glyph
         glyph-name="pharma"
         unicode="&#xe015;"
         d="m 345.15625,1023.5 c -102.70078,0 -154.03635,0.01 -209.3125,-17.4688 C 75.486686,984.0623 27.937699,936.51331 5.96875,876.15625 -11.507519,820.8801 -11.5,769.536 -11.5,666.84375 l 0,-309.6875 c 0,-102.70078 -0.0075,-154.02782 17.46875,-209.3125 C 27.937699,87.48669 75.486686,39.92898 135.84375,17.9688 191.1199,0.4836 242.45547,0.5 345.15625,0.5 l 309.6875,0 c 102.70078,0 154.02782,-0.0164 209.3125,17.4688 60.35706,21.96018 107.90602,69.51789 129.875,129.87495 17.47625,55.28468 17.46875,106.61172 17.46875,209.3125 l 0,309.6875 c 0,102.69225 0.01,154.03635 -17.46875,209.3125 -21.96898,60.35706 -69.51794,107.90605 -129.875,129.87495 -55.28468,17.4763 -106.61172,17.4688 -209.3125,17.4688 l -309.6875,0 z M 544.0625,861.78125 c 21.61852,0.26908 46.4049,-2.96957 74.09375,-11.6875 61.06253,-19.22574 96.29943,-71.02068 107.5625,-123.34375 11.26307,-52.32306 2.60023,-107.42751 -29.125,-145.71875 -18.48892,-22.31548 -44.99984,-34.9947 -75.15625,-46.9375 -30.15641,-11.9428 -64.23867,-21.65413 -96.625,-29.5625 -1.71615,-0.41906 -3.37412,-0.81328 -5.0625,-1.21875 l 0,-56.75 11.4375,-4.03125 c 15.47855,-5.44443 28.46807,-11.97974 39.21875,-21.4375 10.75068,-9.45776 19.88361,-23.65466 20.09375,-40.28125 0.21014,-16.62659 -8.55386,-31.05582 -19.0625,-40.78125 -10.50864,-9.72543 -23.32151,-16.6063 -38.65625,-22.4375 L 519.75,312.625 l 0,-66.6875 106.59375,-41.4375 -21.6875,-55.90625 -84.90625,33 0,-19.375 55.15625,-30.5 -197.15625,0 55.78125,30.5 0,52.875 -1.8125,0.71875 c -15.38474,5.97987 -28.27356,13.15079 -38.75,23.15625 -10.47644,10.00546 -18.9027,24.47503 -18.84375,40.875 0.0589,16.39997 8.57593,30.85228 19.125,40.78125 10.54907,9.92897 23.51009,16.97731 38.9375,22.84375 l 1.34375,0.5 0,69.40625 -50.1875,17.65625 c -14.85982,5.22681 -26.89169,10.75456 -37.25,18.6875 -10.35831,7.93294 -22.10345,21.40533 -20.53125,40.46875 1.5722,19.06342 15.23743,30.32109 26.6875,36.53125 11.45007,6.21016 24.14555,9.80548 39.625,12.6875 l 0.59375,0.125 0.59375,0.0937 c 0,0 16.12888,2.35306 40.46875,6.8125 l 0,29.8125 c -64.73747,15.51547 -116.15156,65.25706 -134,129 l 354.0625,0 C 635.75961,641.55812 584.41427,591.83908 519.75,576.28125 l 0,-11.21875 c 27.85345,7.07099 56.15529,15.48658 79.625,24.78125 26.04894,10.31612 45.88236,23.22297 51.03125,29.4375 15.55039,18.76879 24.5239,58.61585 16.71875,94.875 -7.80515,36.25916 -28.35428,66.6332 -66.9375,78.78125 -39.55951,12.45544 -66.67826,10.14932 -84.875,4.96875 -11.59922,-11.4113 -29.62167,-22.9093 -52.1875,-32.375 -50.67999,-21.25876 -105.09386,-24.15859 -121.53125,-6.5 -16.43739,17.65859 11.32001,49.20999 62,70.46875 25.09212,10.52541 51.10943,16.55017 72.96875,17.8125 3.90752,1.84542 8.1177,3.60404 12.59375,5.1875 14.8563,5.25561 33.28773,9.01217 54.90625,9.28125 z M 433.53125,485.5625 c -6.86632,-1.17046 -12.51136,-2.08127 -16.78125,-2.75 l 16.78125,-5.90625 0,8.65625 z m 86.21875,-103 0,-5.3125 c 1.87905,0.93691 3.56829,1.84942 5.03125,2.71875 -1.46969,0.82403 -3.15354,1.70877 -5.03125,2.59375 z" />
      <glyph
         glyph-name="trafic"
         unicode="&#xe016;"
         d="m 345.15625,1023.5 c -102.70078,0 -154.03635,0.01 -209.3125,-17.4688 C 75.486684,984.0623 27.9377,936.51332 5.96875,876.15625 -11.50752,820.8801 -11.5,769.536 -11.5,666.84375 l 0,-309.6875 c 0,-102.70078 -0.0075,-154.02782 17.46875,-209.3125 C 27.9377,87.48669 75.486684,39.92893 135.84375,17.9688 191.1199,0.4835 242.45547,0.5 345.15625,0.5 l 309.6875,0 c 102.70078,0 154.02782,-0.0165 209.3125,17.4688 60.35706,21.96013 107.90602,69.51789 129.875,129.87495 17.47625,55.28468 17.46875,106.61172 17.46875,209.3125 l 0,309.6875 c 0,102.69225 0.01,154.03635 -17.46875,209.3125 -21.96898,60.35707 -69.51794,107.90605 -129.875,129.87495 -55.28468,17.4763 -106.61172,17.4688 -209.3125,17.4688 l -309.6875,0 z M 500.5,871.65625 c 198.90445,0 360.15625,-161.2518 360.15625,-360.15625 0,-198.90445 -161.2518,-360.15625 -360.15625,-360.15625 -198.90445,0 -360.15625,161.2518 -360.15625,360.15625 0,198.90445 161.2518,360.15625 360.15625,360.15625 z m -1.71875,-83.34375 c -228.65174,0 -271.125,-235.625 -271.125,-235.625 l 91.03125,0 c 91.03609,0 96.44106,69.25 180.09375,69.25 83.65268,0 107.90896,-69.25 190.6875,-69.25 l 84.90625,0 c 0,0 -46.94201,235.625 -275.59375,235.625 z M 500,578.9375 c -36.96698,0 -66.9375,-29.97052 -66.9375,-66.9375 0,-36.96698 29.97052,-66.9375 66.9375,-66.9375 36.96698,0 66.9375,29.97052 66.9375,66.9375 0,36.96698 -29.97052,66.9375 -66.9375,66.9375 z M 227.65625,455.46875 c 0,0 18.85402,-79.61063 77.375,-140.90625 58.52097,-61.29561 138.5625,-73.3125 138.5625,-73.3125 l 0,134.28125 c 0,44.14149 -35.76362,79.9375 -79.90625,79.9375 l -136.03125,0 z m 408.96875,0 c -44.14263,0 -79.90625,-35.79601 -79.90625,-79.9375 l 0,-134.28125 c 0,0 80.01028,12.01689 138.53125,73.3125 58.52098,61.29562 77.375,140.90625 77.375,140.90625 l -136,0 z" />
      <glyph
         glyph-name="bitcoin"
         unicode="&#xe017;"
         d="m 345,1024 c -102.80107,0 -154.20112,-0.01 -209.53125,-17.5 C 75.05275,984.5096 27.4904,936.94725 5.5,876.53125 -11.993333,821.20112 -12,769.79254 -12,667 l 0,-310 C -12,254.19893 -11.993333,202.80742 5.5,147.46875 27.4904,87.05275 75.05275,39.48183 135.46875,17.5 190.79888,-0.0019 242.19893,0 345,0 L 655,0 C 757.80107,0 809.19258,-0.0019 864.53125,17.5 924.94725,39.48183 972.50957,87.05275 994.5,147.46875 1011.9933,202.80742 1012,254.19893 1012,357 l 0,310 c 0,102.79254 -0.01,154.20112 -17.5,209.53125 C 972.50957,936.94725 924.94725,984.5096 864.53125,1006.5 809.19258,1023.9933 757.80107,1024 655,1024 l -310,0 z m 100.0625,-87.25 105.0625,0 c 8.2858,0 15,-6.72877 15,-15 l 0,-81.5 c 0,-8.28193 6.64804,-14.03373 14.90625,-13.375 0,0 87.46221,20.11483 155.4375,-86.5 C 803.44403,633.76018 696.875,522.84375 696.875,522.84375 c -5.39744,-6.26797 -4.01513,-14.77282 2.78125,-19.5 0,0 91.97869,-45.07176 53.53125,-190.1875 C 714.74005,168.04051 580.09375,183.8125 580.09375,183.8125 c -8.26486,0.29942 -14.96876,-6.18625 -14.96875,-14.46875 l 0,-68.09375 c 0,-8.28755 -6.71818,-15 -15,-15 0,0 -120.0625,4e-5 -120.0625,0 l 0,83.09375 c 0,8.28755 -6.71639,15 -15,15 l -162.6875,0 c -8.28484,0 -15,6.71401 -15,15 l 0,87.875 c 0,8.28656 6.68206,15 14.96875,15 l 31.09375,0 c 8.28208,0 15,6.71113 15,15 l 0,383.59375 c 0,8.28164 -6.71332,15 -15,15 l -31.09375,0 c -8.28208,0 -14.96875,6.72161 -14.96875,15 l 0,79.4375 c 0,8.28401 6.71639,15 15,15 l 162.6875,0 c 8.28483,0 15,6.72877 15,15 l 0,81.5 c 0,8.28193 6.71817,15 15,15 z M 585,717.53125 424.78125,716.125 l 0,-139.03125 160.21875,0 c 0,0 46.375,7.13001 46.375,70.21875 0,63.08874 -46.375,70.21875 -46.375,70.21875 z m 0,-275.375 -160.21875,-1.375 0,-139.0625 160.21875,0 c 0,0 46.375,7.13001 46.375,70.21875 0,63.08874 -46.375,70.21875 -46.375,70.21875 z" />
      <glyph
         glyph-name="robotics"
         unicode="&#xe018;"
         d="m 345.15625,1023.5 c -102.70078,0 -154.03635,0.01 -209.3125,-17.4688 C 75.486686,984.0623 27.937699,936.51331 5.96875,876.15625 -11.507519,820.8801 -11.5,769.536 -11.5,666.84375 l 0,-309.6875 c 0,-102.70078 -0.0075,-154.02782 17.46875,-209.3125 C 27.937699,87.48669 75.486686,39.92898 135.84375,17.9688 191.1199,0.4836 242.45547,0.5 345.15625,0.5 l 309.6875,0 c 102.70078,0 154.02782,-0.0164 209.3125,17.4688 60.35706,21.96018 107.90602,69.51789 129.875,129.87495 17.47625,55.28468 17.46875,106.61172 17.46875,209.3125 l 0,309.6875 c 0,102.69225 0.01,154.03635 -17.46875,209.3125 -21.96898,60.35706 -69.51794,107.90605 -129.875,129.87495 -55.28468,17.4763 -106.61172,17.4688 -209.3125,17.4688 l -309.6875,0 z M 356.75,905.15625 l 25,0 137.25,0 25,0 0,-25 0,-184.5 84.03125,0 24.96875,0 0,-24.5 70.53125,0 24.96875,0 0,-24.96875 0,-18.78125 67.25,0 24.96875,0 0,-24.96875 0,-299.375 0,-6.8125 -3.40625,-5.84375 -92.25,-157.21875 -7.21875,-12.34375 -14.3125,0 -341.78125,0 -25,0 0,24.96875 0,59.8125 -202.25,321.625 -11.53125,18.34375 16.5625,14.03125 73.21875,61.90625 18.34375,15.5 16.1875,-17.71875 89.46875,-97.75 0,358.59375 0,25 z m 49.96875,-49.96875 0,-78.4375 87.3125,0 0,78.4375 -87.3125,0 z m 0,-108.40625 0,-140.875 87.3125,0 0,64.78125 0,24.96875 0,51.125 -87.3125,0 z M 544,645.71875 l 0,-200.78125 -0.0625,0 0,-48.625 59.21875,0 0.15625,48.625 -0.25,0 0,200.78125 -59.0625,0 z m 109,-24.5 0,-165.65625 0.28125,0 0,-0.28125 0.53125,-62.96875 41.3125,-7.3125 2.375,36.6875 1.5,23.25 -0.4375,0 0,157.5 0,18.78125 -45.5625,0 z m 95.5,-43.75 0,-132.40625 42.28125,0 0,132.40625 -42.28125,0 z m -341.78125,-1.53125 0,-118.625 0,-64.25 -43.40625,47.375 -116.625,127.40625 -38.34375,-32.375 194.5625,-309.40625 3.8125,-6.09375 0,-7.1875 0,-41.96875 302.5,0 81.5625,139 0,85.3125 -44.96875,0 -2.65625,-41.1875 -1.78125,-27.84375 -27.46875,4.875 -87.09375,15.375 -107.875,0 -24.96875,0 0,24.96875 0,78.15625 0.0625,0 0,126.46875 -87.3125,0 z" />
      <glyph
         glyph-name="mobile"
         unicode="&#xe019;"
         d="m 345.15625,1023.5 c -102.70078,0 -154.03635,0.01 -209.3125,-17.4688 C 75.486686,984.0623 27.937699,936.51331 5.96875,876.15625 -11.507519,820.8801 -11.5,769.536 -11.5,666.84375 l 0,-309.6875 c 0,-102.70078 -0.0075,-154.02782 17.46875,-209.3125 C 27.937699,87.48669 75.486686,39.92898 135.84375,17.9688 191.1199,0.4836 242.45547,0.5 345.15625,0.5 l 309.6875,0 c 102.70078,0 154.02782,-0.0164 209.3125,17.4688 60.35706,21.96018 107.90602,69.51789 129.875,129.87495 17.47625,55.28468 17.46875,106.61172 17.46875,209.3125 l 0,309.6875 c 0,102.69225 0.01,154.03635 -17.46875,209.3125 -21.96898,60.35706 -69.51794,107.90605 -129.875,129.87495 -55.28468,17.4763 -106.61172,17.4688 -209.3125,17.4688 l -309.6875,0 z M 253.75,887.125 l 12.46875,0 468.5625,0 12.46875,0 0,-12.46875 0,-726.3125 0,-12.46875 -12.46875,0 -468.5625,0 -12.46875,0 0,12.46875 0,726.3125 0,12.46875 z m 24.96875,-24.96875 0,-701.3125 443.5625,0 0,701.3125 -443.5625,0 z m 127.4375,-45.46875 190.25,0 a 12.489054,12.489054 0 1 0 0,-24.96875 l -190.25,0 a 12.489054,12.489054 0 1 0 0,24.96875 z m -85.96875,-64.90625 361.625,0 0,-467.5625 -361.625,0 0,467.5625 z M 500,260.25 c 19.31111,0 34.96875,-15.65764 34.96875,-34.96875 0,-19.31111 -15.65764,-34.96875 -34.96875,-34.96875 -19.31111,0 -34.96875,15.65764 -34.96875,34.96875 0,19.31111 15.65764,34.96875 34.96875,34.96875 z" />
      <glyph
         glyph-name="greentech"
         unicode="&#xe020;"
         d="m 345.15625,1023.5 c -102.70078,0 -154.03635,0.01 -209.3125,-17.4688 C 75.48669,984.0623 27.937697,936.51331 5.96875,876.15625 -11.507517,820.8801 -11.5,769.536 -11.5,666.84375 l 0,-309.6875 c 0,-102.70078 -0.0075,-154.02782 17.46875,-209.3125 C 27.937697,87.48669 75.48669,39.92908 135.84375,17.9688 191.1199,0.4838 242.45547,0.5 345.15625,0.5 l 309.6875,0 c 102.70078,0 154.02782,-0.0162 209.3125,17.4688 60.35706,21.96028 107.90602,69.51789 129.875,129.87495 17.47625,55.28468 17.46875,106.61172 17.46875,209.3125 l 0,309.6875 c 0,102.69225 0.01,154.03635 -17.46875,209.3125 -21.96898,60.35706 -69.51794,107.90605 -129.875,129.87495 -55.28468,17.4763 -106.61172,17.4688 -209.3125,17.4688 l -309.6875,0 z m 193.3125,-143.53125 -64.09375,-187.1875 123.53125,1.8125 -214.25,-260.75 66.25,186.875 -124.46875,0.6875 213.03125,258.5625 z M 954.6875,705.8125 c 0,0 -35.8052,-29.89388 -47.65625,-46.25 -38.18642,-52.70268 -87,-135.25 -87,-135.25 -8.55258,-14.16645 -25.56684,-34.46046 -38.0625,-45.3125 0,0 -71.28981,-64.64448 -119.90625,-85.71875 -38.42346,-16.6558 -124.375,-18.6875 -124.375,-18.6875 0,0 -17.11804,-45.37524 -19.625,-72.5625 -4.03012,-43.70545 0,-140.125 0,-140.125 l -18.1875,0 -6.625,96.3125 -47.625,28.6875 c 0,0 -57.77559,-35.32115 -89.84375,-36.625 -74.0185,-3.00946 -228.40625,23.6875 -228.40625,23.6875 0,0 78.49839,122.32054 174.21875,135.125 95.72037,12.80447 134.125,-66.25 134.125,-66.25 0,0 -69.84565,20.28016 -103.25,17.96875 -36.81185,-2.54718 -107.375,-32.53125 -107.375,-32.53125 0,0 114.19683,15.71982 159.46875,8.96875 47.16696,-7.03365 117.84375,-50.34375 117.84375,-50.34375 l 15.65625,106.375 c 0,0 60.07878,94.88981 95.125,127.21875 46.14529,42.56746 159.84375,112.09375 159.84375,112.09375 0,0 -90.15747,-28.36105 -151.4375,-73.78125 C 560.31371,513.39229 509.5,415.75 509.5,415.75 c 0,0 4.10942,75.32256 19.96875,118.625 7.04883,19.24616 39.28125,57.40625 39.28125,57.40625 5.20732,6.43872 15.15029,15.17325 22.15625,19.5625 0,0 80.42171,52.10293 135.875,67.1875 70.0392,19.05227 227.90625,27.28125 227.90625,27.28125 z" />
      <glyph
         glyph-name="some"
         unicode="&#xe021;"
         d="m 345.15625,1023.5 c -102.70078,0 -154.03635,0.01 -209.3125,-17.4688 C 75.486684,984.0623 27.9377,936.51332 5.96875,876.15625 -11.50752,820.8801 -11.5,769.536 -11.5,666.84375 l 0,-309.6875 c 0,-102.70078 -0.0075,-154.02782 17.46875,-209.3125 C 27.9377,87.48669 75.486684,39.92893 135.84375,17.9688 191.1199,0.4835 242.45547,0.5 345.15625,0.5 l 309.6875,0 c 102.70078,0 154.02782,-0.0165 209.3125,17.4688 60.35706,21.96013 107.90602,69.51789 129.875,129.87495 17.47625,55.28468 17.46875,106.61172 17.46875,209.3125 l 0,309.6875 c 0,102.69225 0.01,154.03635 -17.46875,209.3125 -21.96898,60.35707 -69.51794,107.90605 -129.875,129.87495 -55.28468,17.4763 -106.61172,17.4688 -209.3125,17.4688 l -309.6875,0 z m 387.1875,-154.84375 c 69.21024,0 125.3125,-56.14091 125.3125,-125.40625 0,-69.26534 -56.10226,-125.4375 -125.3125,-125.4375 -32.06846,0 -61.30559,12.07221 -83.46875,31.90625 L 393.75,524.90625 c 0.14342,-2.45758 0.21875,-4.91267 0.21875,-7.40625 0,-5.12197 -0.31008,-10.16364 -0.90625,-15.125 L 646.53125,372.15625 c 22.42314,21.09474 52.60937,34.03125 85.8125,34.03125 69.21024,0 125.3125,-56.17216 125.3125,-125.4375 0,-69.26533 -56.10226,-125.40625 -125.3125,-125.40625 -69.00027,0 -124.97351,55.80578 -125.3125,124.78125 l -264.6875,135.9375 c -20.68332,-15.08217 -46.13953,-24 -73.6875,-24 -69.21024,0 -125.3125,56.17216 -125.3125,125.4375 0,69.26534 56.10226,125.40625 125.3125,125.40625 30.39852,0 58.26983,-10.85699 79.96875,-28.875 l 258.4375,126.4375 c -0.02,0.9214 -0.0312,1.85506 -0.0312,2.78125 0,69.26534 56.10227,125.40625 125.3125,125.40625 z" />
      <glyph
         glyph-name="impact"
         unicode="&#xe022;"
         d="m 345.15625,1023.5 c -102.70078,0 -154.03635,0.01 -209.3125,-17.4688 C 75.486678,984.0623 27.937703,936.51332 5.96875,876.15625 -11.507523,820.8801 -11.5,769.536 -11.5,666.84375 l 0,-309.6875 c 0,-102.70078 -0.0075,-154.02782 17.46875,-209.3125 C 27.937703,87.48669 75.486678,39.92878 135.84375,17.9688 191.1199,0.4832 242.45547,0.5 345.15625,0.5 l 309.6875,0 c 102.70078,0 154.02782,-0.0168 209.3125,17.4688 60.35706,21.95998 107.90602,69.51789 129.875,129.87495 17.47625,55.28468 17.46875,106.61172 17.46875,209.3125 l 0,309.6875 c 0,102.69225 0.01,154.03635 -17.46875,209.3125 -21.96898,60.35707 -69.51794,107.90605 -129.875,129.87495 -55.28468,17.4763 -106.61172,17.4688 -209.3125,17.4688 l -309.6875,0 z M 500,911.125 c 145.2372,0 263.25,-118.0128 263.25,-263.25 0,-145.2372 -118.0128,-263.25 -263.25,-263.25 -145.2372,0 -263.25,118.0128 -263.25,263.25 0,145.2372 118.0128,263.25 263.25,263.25 z M 528.03125,884.5 c 21.94368,-18.59496 57.47441,-53.8198 83.5625,-104.625 28.19316,20.68358 44.011,42.86456 46.4375,46.40625 -35.46255,31.41768 -80.39203,52.41765 -130,58.21875 z m -58.96875,-0.375 c -48.45624,-6.26892 -92.32473,-27.0405 -127.09375,-57.84375 2.40247,-3.50943 18.09216,-25.56353 46.09375,-46.1875 24.67145,49.3376 58.46248,84.28424 81,104.03125 z M 487.5,867.15625 c -20.98889,-17.98692 -54.67504,-51.90074 -78.40625,-100.6875 21.33075,-12.03671 47.54063,-21.66202 78.40625,-23.75 l 0,124.4375 z m 25,-2.125 0,-122.3125 c 30.72549,2.07807 56.84688,11.63316 78.125,23.59375 -24.11187,48.13875 -57.66282,81.37612 -78.125,98.71875 z M 323.96875,808.5625 C 287.89763,769.07477 264.9919,717.3919 262.0625,660.34375 l 94.875,0 c 1.5051,36.0754 9.40692,68.34625 20.75,96.65625 -28.53916,20.08385 -46.69578,42.16697 -53.71875,51.5625 z m 352.0625,0 c -7.03359,-9.40564 -25.22091,-31.52384 -53.8125,-51.625 11.68132,-28.23239 20.01366,-60.4675 21.90625,-96.59375 l 93.8125,0 c -2.9294,57.04815 -25.83513,108.73102 -61.90625,148.21875 z m -276.84375,-65 c -9.37149,-24.63144 -15.87981,-52.4026 -17.28125,-83.21875 l 105.59375,0 0,57.34375 c -34.64832,2.0684 -64.16708,12.56747 -88.3125,25.875 z m 201.59375,-0.0312 C 576.64334,730.23335 547.13056,719.75485 512.5,717.6875 l 0,-57.34375 106.625,0 c -1.76276,30.86153 -8.65373,58.62199 -18.34375,83.1875 z M 262.03125,635.375 c 3.0401,-58.96759 27.45633,-112.22416 65.65625,-152.1875 9.07683,11.33172 26.86808,30.99993 52.84375,48.71875 -12.84056,29.91088 -21.96508,64.46822 -23.59375,103.46875 l -94.90625,0 z m 119.875,0 c 1.54298,-33.86259 9.25848,-64.05678 20.15625,-90.4375 23.60423,12.56326 52.14253,22.32554 85.4375,24.3125 l 0,66.125 -105.59375,0 z m 130.59375,0 0,-66.125 c 34.25617,-2.04432 63.47792,-12.3173 87.46875,-25.40625 10.78293,26.71061 18.24264,57.27295 19.40625,91.53125 l -106.875,0 z m 131.875,0 c -1.23097,-39.50769 -10.1573,-74.50771 -22.9375,-104.8125 24.90938,-17.35928 42.02865,-36.33101 50.875,-47.375 38.19992,39.96334 62.61615,93.21991 65.65625,152.1875 l -93.59375,0 z M 487.5,544.21875 c -29.21833,-1.98036 -54.26338,-10.7139 -74.9375,-21.84375 23.45374,-45.09738 54.95279,-76.68613 74.9375,-93.8125 l 0,115.65625 z m 25,0 0,-119.8125 c 20.181,17.10432 53.09176,49.67542 77.125,96.75 -21.09008,11.70135 -46.85992,21.0112 -77.125,23.0625 z m -121.125,-35 C 368.18508,492.80255 352.86773,474.9708 345.9375,466 c 34.11496,-28.91911 76.49253,-48.37657 123.125,-54.40625 -21.54673,18.8789 -53.36801,51.66135 -77.6875,97.625 z m 219.3125,-1.5 c -22.82176,-43.75414 -52.55587,-75.73576 -74.15625,-95.34375 44.42308,6.81905 84.78758,25.86833 117.53125,53.625 -6.7225,8.70191 -21.33966,25.72146 -43.375,41.71875 z m -417.84375,-110.5 c 23.54616,0.23708 45,-14.9375 45,-14.9375 l 67.4375,-52.1875 c 10.17402,26.47296 39.90625,32.625 39.90625,32.625 l 333.84375,0 127.15625,-73.25 -3.28125,-173.875 -123.875,75.3125 -207.625,-86.0625 L 163.875,303.3125 c 0,0 -36.00467,45.35703 -4.78125,78.96875 10.24518,11.02884 22.25071,14.82172 33.75,14.9375 z m 208.4375,-134 39.96875,-27.8125 11.5,27.8125 -51.46875,0 z" />
      <glyph
         glyph-name="space"
         unicode="&#xe023;"
         d="m 345.15625,1023.5 c -102.70078,0 -154.03635,0.01 -209.3125,-17.4688 C 75.48669,984.0623 27.937697,936.51331 5.96875,876.15625 -11.507517,820.8801 -11.5,769.536 -11.5,666.84375 l 0,-309.6875 c 0,-102.70078 -0.0075,-154.02782 17.46875,-209.3125 C 27.937697,87.48669 75.48669,39.92908 135.84375,17.9688 191.1199,0.4838 242.45547,0.5 345.15625,0.5 l 309.6875,0 c 102.70078,0 154.02782,-0.0162 209.3125,17.4688 60.35706,21.96028 107.90602,69.51789 129.875,129.87495 17.47625,55.28468 17.46875,106.61172 17.46875,209.3125 l 0,309.6875 c 0,102.69225 0.01,154.03635 -17.46875,209.3125 -21.96898,60.35706 -69.51794,107.90605 -129.875,129.87495 -55.28468,17.4763 -106.61172,17.4688 -209.3125,17.4688 l -309.6875,0 z m 527.5,-141.84375 c 0,0 -23.64632,-185.83543 -80.4375,-270.96875 C 734.49474,524.15583 529.125,366.65625 529.125,366.65625 L 531.4375,245.09375 429.53125,169.375 403.875,273.28125 l -142.46875,129.875 -2.1875,16.625 -106.875,25.78125 75.53125,96.59375 126.9375,-4.90625 c 0,0 142.10484,192.81195 238.34375,256.8125 76.37964,50.7938 279.5,87.59375 279.5,87.59375 z M 249.9375,363.0625 238.15625,330.34375 c 0,0 -47.74118,-44.5984 -53.875,-73.09375 -4.45757,-20.70814 -5.71875,-68.375 -5.71875,-68.375 0,0 40.09974,1.00108 59.59375,5.6875 29.03509,6.98012 96.15625,73.9375 96.15625,73.9375 l 25.46875,0 c 0,0 -89.94327,-95.9916 -127.4375,-109.40625 -30.4957,-10.91072 -102,-17.71875 -102,-17.71875 0,0 2.2093,82.22592 13.46875,115.875 12.57116,37.56912 106.125,105.8125 106.125,105.8125 z" />
      <glyph
         glyph-name="bio"
         unicode="&#xe024;"
         d="m 345.15625,1023.5 c -102.70078,0 -154.03635,0.01 -209.3125,-17.4688 C 75.486676,984.0623 27.937704,936.51332 5.96875,876.15625 -11.507524,820.8801 -11.5,769.536 -11.5,666.84375 l 0,-309.6875 c 0,-102.70078 -0.0075,-154.02782 17.46875,-209.3125 C 27.937704,87.48669 75.486676,39.92873 135.84375,17.9688 191.1199,0.4831 242.45547,0.5 345.15625,0.5 l 309.6875,0 c 102.70078,0 154.02782,-0.0169 209.3125,17.4688 60.35706,21.95993 107.90602,69.51789 129.875,129.87495 17.47625,55.28468 17.46875,106.61172 17.46875,209.3125 l 0,309.6875 c 0,102.69225 0.01,154.03635 -17.46875,209.3125 -21.96898,60.35707 -69.51794,107.90605 -129.875,129.87495 -55.28468,17.4763 -106.61172,17.4688 -209.3125,17.4688 l -309.6875,0 z m 467.6875,-31.875 c 7.57445,-0.11969 18.58076,-2.88056 29.3125,-14.75 19.07865,-21.10124 6.5,-39.25 6.5,-39.25 -3.34491,-8.78824 -12.49015,-19.99567 -20.375,-25.15625 0,0 -26.71853,-16.33954 -43.53125,-32.78125 -15.18057,-14.84557 -28.84375,-37.5 -28.84375,-37.5 -5.12213,-7.90477 -11.3287,-21.68162 -13.40625,-30.875 0,0 -12.50147,-33.38611 -6.09375,-124.6875 6.40774,-91.30138 -3.78125,-207 -3.78125,-207 -0.73544,-9.39485 -3.16868,-24.44816 -5.5625,-33.5625 0,0 -14.24504,-63.84576 -39.375,-95.40625 -26.12254,-32.80707 -77.4375,-60.9375 -77.4375,-60.9375 -8.10474,-4.78677 -22.0611,-10.52934 -31.25,-12.5625 0,0 -35.04927,-10.57104 -80.5,-6.09375 C 453.04926,275.53978 382.59375,312.5 382.59375,312.5 l -0.96875,95.25 c 0,0 95.11136,-65.34751 170.46875,-46.875 3.92702,0.96264 7.67715,2.09164 11.28125,3.375 l -144.6875,269.84375 37.125,26.75 145.5625,-273.5625 c 33.03871,30.54143 40.78125,73.34375 40.78125,73.34375 2.46192,9.08731 5.05036,24.06655 5.71875,33.46875 0,0 7.2835,81.20816 3.4375,191.34375 -3.84601,110.13559 17.53125,166.21875 17.53125,166.21875 0,0 17.10333,46.94937 51.21875,81.34375 34.11541,34.39439 52.25,45.09375 52.25,45.09375 7.72113,5.38945 21.47711,11.23475 30.84375,12.125 0,0 3.79626,1.49934 9.6875,1.40625 z m 10.9375,-108.09375 155.90625,-278.625 -38.125,-30.53125 -143.25,273.0625 25.46875,36.09375 z M 764.96875,813.9375 857,638.65625 842.3125,573.46875 754.28125,732.5 l 10.6875,81.4375 z m -279.4375,-44.34375 c 7.75443,0.0696 15.99679,-0.2192 24.53125,-1.0625 45.51714,-4.49759 116.09375,-41.46875 116.09375,-41.46875 L 627.1875,631.75 c 0,0 -95.26251,65.41103 -170.71875,46.96875 -39.53663,-9.66316 -62.53505,-37.13706 -75.5,-61.09375 l 130.96875,-249.84375 -73.28125,40.8125 -77.3125,145.1875 c -0.2799,-2.22879 -0.49226,-4.3406 -0.625,-6.1875 0,0 -7.36796,-83.2544 -3.46875,-193.40625 3.89921,-110.15185 -17.5,-166.25 -17.5,-166.25 0,0 -17.10111,-46.95957 -51.25,-81.34375 -34.14888,-34.3841 -54,-46.28125 -54,-46.28125 -6.80181,-4.70865 -18.89848,-9.86168 -27.125,-10.78125 0,0 -22.04139,-7.89354 -41.15625,13.21875 -19.11485,21.11229 -5.96875,41.28125 -5.96875,41.28125 3.03986,7.67799 11.18454,17.4847 18.125,22 0,0 28.48306,17.5009 45.3125,33.9375 15.19566,14.84095 30,39.21875 30,39.21875 4.4933,6.95474 9.96694,19.03382 11.84375,27.09375 0,0 12.92516,35.43374 6.46875,126.75 -6.45641,91.31627 3.875,209.09375 3.875,209.09375 0.64817,8.24835 2.76491,21.4692 4.84375,29.46875 0,0 14.78559,65.85248 39.9375,97.40625 26.14536,32.80009 79.28125,62.03125 79.28125,62.03125 7.135,4.18805 19.42846,9.2132 27.5,11.03125 0,0 24.49121,7.22951 58.09375,7.53125 z M 549.6875,667.6875 638.21875,505.65625 625.21875,429.5 506,661.71875 549.6875,667.6875 z M 373.53125,601.90625 c -3.63391,-8.88956 -5.74895,-16.19746 -6.84375,-20.5625 l 6.84375,20.5625 z M 56.96875,448.875 204.40625,185.65625 166.28125,155.125 13.375,437.90625 56.96875,448.875 z M 118.4375,430.0625 186.28125,393.96875 250.5625,272.0625 235.875,206.875 118.4375,430.0625 z" />
      <glyph
         glyph-name="analytics"
         unicode="&#xe025;"
         d="m 345.15625,1023.5 c -102.70078,0 -154.03635,0.01 -209.3125,-17.4688 C 75.48669,984.0623 27.937697,936.51331 5.96875,876.15625 -11.507517,820.8801 -11.5,769.536 -11.5,666.84375 l 0,-309.6875 c 0,-102.70078 -0.0075,-154.02782 17.46875,-209.3125 C 27.937697,87.48669 75.48669,39.92908 135.84375,17.9688 191.1199,0.4838 242.45547,0.5 345.15625,0.5 l 309.6875,0 c 102.70078,0 154.02782,-0.0162 209.3125,17.4688 60.35706,21.96028 107.90602,69.51789 129.875,129.87495 17.47625,55.28468 17.46875,106.61172 17.46875,209.3125 l 0,309.6875 c 0,102.69225 0.01,154.03635 -17.46875,209.3125 -21.96898,60.35706 -69.51794,107.90605 -129.875,129.87495 -55.28468,17.4763 -106.61172,17.4688 -209.3125,17.4688 l -309.6875,0 z m 319.9375,-282.96875 244.28125,0 0,-267.5625 -88.21875,96.625 -268.5,-268.71875 -28.28125,-28.34375 -28.25,28.34375 -165.84375,165.9375 -211.5625,-211.75 -56.53125,56.46875 239.84375,240.0625 28.25,28.28125 28.28125,-28.28125 165.8125,-165.96875 242.84375,243.03125 -102.125,111.875 z" />
      <glyph
         glyph-name="vr"
         unicode="&#xe026;"
         d="m 345.15625,1023.5 c -102.70078,0 -154.03635,0.01 -209.3125,-17.4688 C 75.486688,984.0623 27.937698,936.51331 5.96875,876.15625 -11.507518,820.8801 -11.5,769.536 -11.5,666.84375 l 0,-309.6875 c 0,-102.70078 -0.0075,-154.02782 17.46875,-209.3125 C 27.937698,87.48669 75.486688,39.92903 135.84375,17.9688 191.1199,0.4837 242.45547,0.5 345.15625,0.5 l 309.6875,0 c 102.70078,0 154.02782,-0.0163 209.3125,17.4688 60.35706,21.96023 107.90602,69.51789 129.875,129.87495 17.47625,55.28468 17.46875,106.61172 17.46875,209.3125 l 0,309.6875 c 0,102.69225 0.01,154.03635 -17.46875,209.3125 -21.96898,60.35706 -69.51794,107.90605 -129.875,129.87495 -55.28468,17.4763 -106.61172,17.4688 -209.3125,17.4688 l -309.6875,0 z m 159.3125,-277.15625 c 233.24888,0 423.28125,-233.65625 423.28125,-233.65625 0,0 -168.05212,-235.03125 -423.28125,-235.03125 C 249.23963,277.65625 72.25,512.6875 72.25,512.6875 c 0,0 198.96988,233.65625 432.21875,233.65625 z m 1.375,-39.15625 -168.25,-97.96875 0,-195.96875 168.25,-97.96875 168.28125,97.96875 0,195.96875 -168.28125,97.96875 z M 500,580.9375 l 65.5625,-47.625 -25.03125,-77.09375 -81.0625,0 L 434.4375,533.3125 500,580.9375 z" />
      <glyph
         glyph-name="wearable"
         unicode="&#xe027;"
         d="m 345.15625,1023.5 c -102.70078,0 -154.03635,0.01 -209.3125,-17.4688 C 75.48668,984.0623 27.937702,936.51332 5.96875,876.15625 -11.507522,820.8801 -11.5,769.536 -11.5,666.84375 l 0,-309.6875 c 0,-102.70078 -0.0075,-154.02782 17.46875,-209.3125 C 27.937702,87.48669 75.48668,39.92883 135.84375,17.9688 191.1199,0.4833 242.45547,0.5 345.15625,0.5 l 309.6875,0 c 102.70078,0 154.02782,-0.0167 209.3125,17.4688 60.35706,21.96003 107.90602,69.51789 129.875,129.87495 17.47625,55.28468 17.46875,106.61172 17.46875,209.3125 l 0,309.6875 c 0,102.69225 0.01,154.03635 -17.46875,209.3125 -21.96898,60.35707 -69.51794,107.90605 -129.875,129.87495 -55.28468,17.4763 -106.61172,17.4688 -209.3125,17.4688 l -309.6875,0 z m 63.46875,-75.9375 155.0625,0 c 6.58985,0 12.49394,-6.42041 13.15625,-14.34375 l 16.84375,-201.75 -215.0625,0 16.875,201.75 c 0.66235,7.92374 6.53639,14.34375 13.125,14.34375 z m -86.375,-226 332.625,0 15,-14.96875 0,-142.46875 29.9375,0 0,-109.03125 -29.9375,0 0,-143.4375 -15,-14.96875 -332.625,0 -15,14.96875 0,167.125 -6.0625,0 -5,5 0,50.6875 5,5 6.0625,0 0,9.125 -6.0625,0 -5,5 0,50.6875 5,5 6.0625,0 0,97.3125 15,14.96875 z m 14.96875,-29.96875 0,-364.9375 302.6875,0 0,364.9375 -302.6875,0 z M 546.40625,645.875 507.8125,533.09375 l 74.40625,1.09375 -129.0625,-157.0625 39.90625,112.5625 -74.96875,0.4375 128.3125,155.75 z m -240.21875,-46.59375 0,-40.6875 1.0625,0 0,40.6875 -1.0625,0 z m 0,-69.8125 0,-40.6875 1.0625,0 0,40.6875 -1.0625,0 z M 381,292.53125 l 215.09375,0 -16.875,-201.75 C 578.5564,82.85751 572.68236,76.4375 566.09375,76.4375 L 411,76.4375 c -6.58985,0 -12.46268,6.42041 -13.125,14.34375 L 381,292.53125 z" />
    </font>
  </defs>
</svg>
